pNumber,burstTime,arrivalTime,waitingTime,endTime
6,7,4,4,11,
3,3,10,11,14,
8,7,10,14,21,
9,9,5,21,30,
1,10,5,30,40,
2,12,8,40,52,
4,12,11,52,64,
0,14,11,64,78,
5,17,10,78,95,
7,17,13,95,112,
