pNumber,burstTime,arrivalTime,waitingTime,endTime
6,7,4,0,7,
1,10,5,7,17,
9,9,5,17,26,
2,12,8,26,38,
3,3,10,38,41,
5,17,10,41,58,
8,7,10,58,65,
0,14,11,65,79,
4,12,11,79,91,
7,17,13,91,108,
